P3
10 10
255
135 102 47 170 27 31 76 147 41 147 179 209 74 207 148 81 217 228 78 44 188 110 45 48 212 81 240 35 62 41 
66 249 167 15 148 1 59 108 133 210 190 20 74 204 166 129 232 131 12 207 69 167 54 193 178 60 151 75 206 135 
101 59 109 56 87 105 242 103 252 120 93 253 211 26 224 201 211 84 102 108 49 102 171 61 240 222 68 130 68 127 
202 165 108 78 21 21 187 25 221 85 224 13 119 167 120 150 81 150 182 96 43 172 221 110 95 250 48 217 53 157 
193 223 69 212 164 79 200 152 189 178 67 35 183 187 244 45 184 71 202 38 142 75 251 68 204 43 142 13 99 61 
137 244 27 168 224 16 164 84 151 120 38 155 51 181 88 178 70 20 51 231 24 129 221 53 183 254 249 5 224 167 
87 123 188 125 180 246 74 127 107 122 12 244 54 170 175 236 204 78 153 2 141 115 220 202 87 237 54 39 172 94 
205 39 50 232 228 37 130 56 13 201 105 223 67 219 86 52 197 122 87 84 132 222 148 214 7 157 34 158 124 198 
175 255 87 205 230 250 21 112 160 169 105 85 181 196 80 5 171 223 78 157 61 28 33 82 195 154 157 104 242 234 
58 48 2 208 244 17 253 62 242 123 113 244 130 48 145 59 60 30 175 80 93 73 58 187 43 156 224 192 107 4 
